# relative_time, cycles_done, cur_item, corpus_count, pending_total, pending_favs, map_size, saved_crashes, saved_hangs, max_depth, execs_per_sec, total_execs, edges_found
24, 0, 0, 29, 24, 0, 0.06%, 0, 0, 3, 3301.97, 64709, 314
85, 0, 31, 84, 80, 17, 3.63%, 0, 0, 3, 451.02, 95014, 20485
90, 0, 31, 85, 81, 17, 3.63%, 0, 0, 3, 440.38, 97317, 20485
95, 0, 31, 86, 82, 17, 3.63%, 0, 0, 3, 439.83, 99605, 20485
100, 0, 31, 86, 82, 17, 3.63%, 0, 0, 3, 430.93, 101797, 20485
105, 0, 31, 86, 82, 17, 3.63%, 0, 0, 3, 440.50, 104045, 20485
110, 0, 31, 87, 83, 17, 3.63%, 0, 0, 3, 413.11, 106097, 20485
115, 0, 31, 87, 83, 17, 3.63%, 0, 0, 3, 74.77, 108089, 20485
120, 0, 31, 88, 84, 17, 3.63%, 0, 0, 3, 375.15, 110388, 20485
125, 0, 31, 88, 84, 17, 3.63%, 0, 0, 3, 562.59, 113357, 20485
130, 0, 59, 89, 82, 14, 3.63%, 0, 0, 3, 583.69, 116306, 20485
136, 0, 62, 90, 79, 10, 3.63%, 0, 0, 3, 282.52, 120564, 20485
141, 0, 71, 90, 76, 7, 3.63%, 0, 0, 3, 1194.71, 127866, 20485
146, 0, 71, 91, 77, 7, 3.63%, 0, 0, 3, 1007.88, 133907, 20485
151, 0, 71, 91, 77, 7, 3.63%, 0, 0, 3, 1564.58, 139347, 20485
156, 0, 71, 91, 75, 5, 3.63%, 0, 0, 3, 1170.69, 144864, 20485
161, 0, 71, 92, 76, 5, 3.63%, 0, 0, 3, 1184.52, 150943, 20485
166, 0, 71, 92, 76, 5, 3.63%, 0, 0, 3, 1044.80, 156136, 20485
