# relative_time, cycles_done, cur_item, corpus_count, pending_total, pending_favs, map_size, saved_crashes, saved_hangs, max_depth, execs_per_sec, total_execs, edges_found
24, 0, 20, 55, 55, 18, 3.62%, 0, 0, 3, 3213.23, 69905, 20406
85, 0, 57, 93, 93, 22, 3.63%, 0, 0, 3, 501.48, 127254, 20484
90, 0, 57, 94, 94, 22, 3.63%, 0, 0, 3, 459.72, 129508, 20484
95, 0, 57, 94, 94, 22, 3.63%, 0, 0, 3, 426.71, 131647, 20484
100, 0, 57, 94, 94, 22, 3.63%, 0, 0, 3, 441.12, 133848, 20484
105, 0, 57, 94, 94, 22, 3.63%, 0, 0, 3, 453.39, 136079, 20484
110, 0, 57, 95, 95, 22, 3.63%, 0, 0, 3, 484.69, 138810, 20485
115, 0, 59, 95, 95, 23, 3.63%, 0, 0, 3, 778.92, 142711, 20485
120, 0, 60, 95, 95, 23, 3.63%, 0, 0, 3, 1593.80, 151627, 20485
125, 0, 60, 95, 95, 23, 3.63%, 0, 0, 3, 1711.95, 159700, 20485
131, 0, 60, 98, 98, 23, 3.63%, 0, 0, 3, 1945.78, 170286, 20485
136, 0, 68, 99, 99, 23, 3.63%, 0, 0, 3, 1573.74, 177850, 20485
141, 0, 79, 100, 100, 23, 3.63%, 0, 0, 3, 3299.01, 185129, 20485
146, 0, 83, 102, 102, 23, 3.63%, 0, 0, 3, 2191.58, 195407, 20485
151, 0, 83, 104, 104, 23, 3.63%, 0, 0, 3, 1815.90, 204520, 20485
156, 0, 99, 104, 104, 23, 3.63%, 0, 0, 3, 336.06, 213041, 20485
161, 0, 99, 104, 104, 23, 3.63%, 0, 0, 3, 308.40, 214558, 20485
166, 1, 4, 110, 110, 23, 3.63%, 0, 0, 3, 710.44, 218431, 20486
