# relative_time, cycles_done, cur_item, corpus_count, pending_total, pending_favs, map_size, saved_crashes, saved_hangs, max_depth, execs_per_sec, total_execs, edges_found
24, 3, 86, 108, 73, 3, 3.63%, 0, 0, 3, 460.38, 32584, 20472
85, 7, 87, 130, 69, 0, 3.63%, 0, 0, 3, 1642.00, 98712, 20484
90, 7, 108, 132, 68, 0, 3.63%, 0, 0, 3, 1335.56, 105278, 20485
95, 7, 114, 134, 70, 0, 3.63%, 0, 0, 3, 179.34, 108724, 20485
100, 7, 114, 134, 70, 0, 3.63%, 0, 0, 3, 478.88, 111247, 20485
106, 7, 117, 135, 71, 0, 3.63%, 0, 0, 3, 590.47, 114271, 20485
111, 7, 117, 135, 71, 0, 3.63%, 0, 0, 3, 556.41, 117157, 20485
116, 7, 125, 136, 70, 0, 3.63%, 0, 0, 3, 564.84, 120301, 20485
121, 7, 130, 136, 70, 0, 3.63%, 0, 0, 3, 685.48, 123428, 20485
126, 7, 135, 136, 66, 0, 3.63%, 0, 0, 3, 783.85, 128110, 20485
131, 8, 71, 137, 65, 2, 3.63%, 0, 0, 3, 897.16, 132335, 20486
136, 8, 137, 138, 64, 1, 3.63%, 0, 0, 3, 205.47, 134156, 20486
141, 9, 116, 140, 64, 1, 3.63%, 0, 0, 3, 526.44, 136537, 20487
146, 9, 139, 143, 66, 1, 3.63%, 0, 0, 3, 400.26, 138704, 20487
152, 9, 139, 144, 67, 1, 3.63%, 0, 0, 3, 259.85, 139807, 20487
157, 9, 139, 144, 67, 1, 3.63%, 0, 0, 3, 251.16, 141041, 20487
162, 9, 139, 144, 67, 1, 3.63%, 0, 0, 3, 253.87, 142358, 20487
167, 9, 139, 144, 67, 1, 3.63%, 0, 0, 3, 248.24, 143637, 20487
