# relative_time, cycles_done, cur_item, corpus_count, pending_total, pending_favs, map_size, saved_crashes, saved_hangs, max_depth, execs_per_sec, total_execs, edges_found
24, 1, 85, 103, 78, 3, 3.63%, 0, 0, 4, 357.97, 38858, 20471
24, 1, 85, 103, 78, 3, 3.63%, 0, 0, 4, 0.00, 38858, 20471
24, 1, 85, 103, 78, 3, 3.63%, 0, 0, 4, 0.00, 38858, 20471
24, 1, 85, 103, 78, 3, 3.63%, 0, 0, 4, 0.00, 38858, 20471
24, 1, 85, 103, 78, 3, 3.63%, 0, 0, 4, 0.00, 38858, 20471
24, 1, 85, 103, 78, 3, 3.63%, 0, 0, 4, 0.00, 38858, 20471
24, 1, 85, 103, 78, 3, 3.63%, 0, 0, 4, 0.00, 38858, 20471
24, 1, 85, 103, 78, 3, 3.63%, 0, 0, 4, 0.00, 38858, 20471
24, 1, 85, 103, 78, 3, 3.63%, 0, 0, 4, 0.00, 38858, 20471
24, 1, 85, 103, 78, 3, 3.63%, 0, 0, 4, 0.00, 38858, 20471
85, 3, 0, 119, 113, 17, 3.63%, 0, 0, 4, 246.74, 56079, 20485
90, 3, 0, 119, 113, 17, 3.63%, 0, 0, 4, 255.95, 57383, 20485
95, 3, 0, 119, 113, 17, 3.63%, 0, 0, 4, 259.40, 58675, 20485
100, 3, 0, 120, 114, 17, 3.63%, 0, 0, 4, 267.06, 60002, 20486
105, 3, 0, 121, 115, 17, 3.63%, 0, 0, 4, 272.16, 61349, 20486
110, 3, 0, 121, 115, 17, 3.63%, 0, 0, 4, 218.86, 62388, 20486
115, 3, 0, 121, 115, 17, 3.63%, 0, 0, 4, 236.29, 63570, 20486
120, 3, 0, 121, 115, 17, 3.63%, 0, 0, 4, 247.31, 64818, 20486
126, 3, 0, 121, 115, 17, 3.63%, 0, 0, 4, 260.27, 66187, 20486
131, 3, 0, 122, 116, 17, 3.63%, 0, 0, 4, 250.98, 67405, 20486
136, 3, 0, 123, 117, 17, 3.63%, 0, 0, 4, 236.59, 68668, 20487
141, 3, 0, 123, 117, 17, 3.63%, 0, 0, 4, 240.91, 69900, 20487
146, 3, 0, 123, 117, 17, 3.63%, 0, 0, 4, 247.30, 71193, 20487
151, 3, 0, 123, 117, 17, 3.63%, 0, 0, 4, 245.74, 72492, 20487
156, 3, 0, 123, 117, 17, 3.63%, 0, 0, 4, 250.76, 73709, 20487
161, 3, 0, 123, 117, 17, 3.63%, 0, 0, 4, 272.31, 75112, 20487
166, 3, 0, 123, 117, 17, 3.63%, 0, 0, 4, 261.98, 76462, 20487
