# relative_time, cycles_done, cur_item, corpus_count, pending_total, pending_favs, map_size, saved_crashes, saved_hangs, max_depth, execs_per_sec, total_execs, edges_found
24, 0, 39, 57, 51, 8, 3.62%, 0, 0, 3, 1279.22, 36693, 20409
85, 0, 57, 91, 89, 20, 3.63%, 0, 0, 3, 314.22, 56742, 20485
90, 0, 57, 91, 89, 20, 3.63%, 0, 0, 3, 315.02, 58291, 20485
95, 0, 57, 91, 89, 20, 3.63%, 0, 0, 3, 312.09, 59881, 20485
100, 0, 57, 91, 89, 20, 3.63%, 0, 0, 3, 308.90, 61483, 20485
105, 0, 57, 91, 89, 20, 3.63%, 0, 0, 3, 325.30, 63157, 20485
111, 0, 57, 91, 89, 20, 3.63%, 0, 0, 3, 260.84, 64464, 20485
116, 0, 57, 91, 89, 20, 3.63%, 0, 0, 3, 259.66, 65829, 20485
121, 0, 57, 91, 89, 20, 3.63%, 0, 0, 3, 278.58, 67299, 20485
126, 0, 57, 91, 89, 20, 3.63%, 0, 0, 3, 311.25, 68954, 20485
131, 0, 57, 91, 89, 20, 3.63%, 0, 0, 3, 301.82, 70474, 20485
136, 0, 57, 92, 90, 20, 3.63%, 0, 0, 3, 285.19, 71941, 20485
141, 0, 57, 92, 90, 20, 3.63%, 0, 0, 3, 313.71, 73521, 20485
146, 0, 57, 92, 90, 20, 3.63%, 0, 0, 3, 323.04, 75237, 20485
151, 0, 5, 93, 90, 20, 3.63%, 0, 0, 3, 434.04, 77396, 20485
156, 0, 6, 94, 89, 18, 3.63%, 0, 0, 3, 477.05, 79710, 20485
161, 0, 81, 97, 77, 5, 3.63%, 0, 0, 3, 1388.50, 88734, 20485
166, 0, 81, 99, 72, 0, 3.63%, 0, 0, 3, 1512.95, 96104, 20485
