# relative_time, cycles_done, cur_item, corpus_count, pending_total, pending_favs, map_size, saved_crashes, saved_hangs, max_depth, execs_per_sec, total_execs, edges_found
24, 0, 47, 72, 69, 8, 3.62%, 0, 0, 4, 578.41, 26233, 20429
85, 0, 76, 117, 82, 0, 3.63%, 0, 0, 4, 837.30, 81758, 20485
90, 0, 93, 117, 81, 0, 3.63%, 0, 0, 4, 825.86, 85788, 20485
95, 0, 93, 117, 81, 0, 3.63%, 0, 0, 4, 1100.98, 91209, 20485
100, 0, 93, 119, 83, 0, 3.63%, 0, 0, 4, 1377.96, 98272, 20485
105, 0, 78, 120, 83, 0, 3.63%, 0, 0, 4, 1341.95, 103498, 20485
110, 0, 78, 122, 85, 0, 3.63%, 0, 0, 4, 1115.17, 108568, 20485
115, 0, 76, 123, 85, 0, 3.63%, 0, 0, 4, 196.50, 111270, 20485
120, 0, 76, 123, 85, 0, 3.63%, 0, 0, 4, 255.21, 112638, 20485
125, 0, 76, 123, 85, 0, 3.63%, 0, 0, 4, 449.77, 114872, 20485
131, 0, 76, 123, 85, 0, 3.63%, 0, 0, 4, 1920.40, 118244, 20485
136, 0, 41, 123, 85, 0, 3.63%, 0, 0, 4, 1147.91, 122704, 20485
141, 0, 41, 123, 85, 0, 3.63%, 0, 0, 4, 1290.88, 129456, 20485
146, 0, 105, 123, 85, 0, 3.63%, 0, 0, 4, 296.51, 135496, 20485
151, 0, 93, 125, 87, 0, 3.63%, 0, 0, 4, 650.25, 139341, 20486
156, 0, 93, 126, 88, 0, 3.63%, 0, 0, 4, 732.87, 142998, 20492
161, 0, 93, 127, 89, 0, 3.63%, 0, 0, 4, 864.03, 147669, 20492
167, 0, 93, 127, 89, 0, 3.63%, 0, 0, 4, 1120.05, 154043, 20492
