# relative_time, cycles_done, cur_item, corpus_count, pending_total, pending_favs, map_size, saved_crashes, saved_hangs, max_depth, execs_per_sec, total_execs, edges_found
24, 0, 30, 61, 59, 11, 3.63%, 0, 0, 3, 2198.43, 56032, 20433
85, 0, 82, 96, 93, 19, 3.63%, 0, 0, 3, 458.28, 84550, 20483
90, 0, 82, 96, 93, 19, 3.63%, 0, 0, 3, 461.38, 86790, 20483
95, 0, 82, 96, 93, 19, 3.63%, 0, 0, 3, 475.45, 89184, 20483
100, 0, 82, 96, 93, 19, 3.63%, 0, 0, 3, 449.98, 91463, 20483
105, 0, 82, 96, 93, 19, 3.63%, 0, 0, 3, 424.94, 93639, 20483
110, 0, 82, 96, 93, 19, 3.63%, 0, 0, 3, 394.92, 95589, 20483
116, 0, 82, 96, 93, 19, 3.63%, 0, 0, 3, 401.13, 97679, 20483
121, 0, 82, 97, 94, 19, 3.63%, 0, 0, 3, 457.24, 100002, 20483
126, 0, 82, 97, 94, 19, 3.63%, 0, 0, 3, 448.99, 102363, 20483
131, 0, 82, 97, 94, 19, 3.63%, 0, 0, 3, 446.77, 104634, 20483
136, 0, 82, 97, 94, 19, 3.63%, 0, 0, 3, 383.42, 106582, 20483
141, 0, 82, 97, 94, 19, 3.63%, 0, 0, 3, 640.49, 109518, 20483
146, 0, 82, 97, 94, 19, 3.63%, 0, 0, 3, 1481.32, 118868, 20483
152, 0, 61, 99, 95, 18, 3.63%, 0, 0, 3, 904.34, 123053, 20483
157, 0, 61, 99, 95, 18, 3.63%, 0, 0, 3, 723.85, 126611, 20483
162, 0, 61, 100, 96, 18, 3.63%, 0, 0, 3, 732.17, 130300, 20484
167, 0, 61, 101, 97, 18, 3.63%, 0, 0, 3, 1064.97, 135412, 20484
