# relative_time, cycles_done, cur_item, corpus_count, pending_total, pending_favs, map_size, saved_crashes, saved_hangs, max_depth, execs_per_sec, total_execs, edges_found
23, 1, 110, 113, 67, 4, 3.63%, 0, 0, 6, 347.13, 50134, 20472
84, 2, 78, 134, 45, 0, 3.63%, 0, 0, 6, 686.81, 110092, 20485
89, 3, 78, 138, 43, 0, 3.63%, 0, 0, 6, 1041.62, 115462, 20485
94, 3, 0, 140, 40, 0, 3.63%, 0, 0, 6, 1671.71, 120019, 20485
99, 3, 89, 140, 38, 0, 3.63%, 0, 0, 6, 997.14, 124812, 20485
104, 3, 114, 140, 36, 0, 3.63%, 0, 0, 6, 756.36, 128036, 20485
110, 3, 114, 140, 35, 0, 3.63%, 0, 0, 6, 477.78, 130208, 20485
115, 3, 72, 140, 34, 0, 3.63%, 0, 0, 6, 728.14, 134129, 20485
120, 3, 0, 140, 31, 0, 3.63%, 0, 0, 6, 218.05, 140139, 20485
125, 3, 29, 140, 29, 0, 3.63%, 0, 0, 6, 1890.07, 143953, 20485
130, 3, 135, 140, 28, 0, 3.63%, 0, 0, 6, 421.82, 147591, 20485
135, 3, 0, 142, 25, 0, 3.63%, 0, 0, 6, 524.77, 150496, 20485
141, 3, 142, 143, 26, 1, 3.63%, 0, 0, 6, 770.35, 155184, 20486
146, 3, 114, 144, 25, 0, 3.63%, 0, 0, 6, 376.83, 158144, 20486
151, 3, 29, 145, 26, 0, 3.63%, 0, 0, 6, 2300.04, 161846, 20486
156, 3, 114, 146, 27, 0, 3.63%, 0, 0, 6, 578.07, 165140, 20486
161, 3, 78, 146, 24, 0, 3.63%, 0, 0, 6, 1264.20, 171418, 20486
