# relative_time, cycles_done, cur_item, corpus_count, pending_total, pending_favs, map_size, saved_crashes, saved_hangs, max_depth, execs_per_sec, total_execs, edges_found
23, 0, 64, 91, 59, 0, 3.63%, 0, 0, 6, 358.61, 31396, 20439
83, 0, 95, 115, 77, 0, 3.63%, 0, 0, 6, 416.09, 82259, 20485
89, 0, 95, 115, 77, 0, 3.63%, 0, 0, 6, 1174.76, 88716, 20485
94, 0, 33, 115, 76, 0, 3.63%, 0, 0, 6, 959.51, 93637, 20485
99, 0, 98, 115, 76, 0, 3.63%, 0, 0, 6, 1102.89, 99385, 20485
104, 0, 98, 116, 77, 0, 3.63%, 0, 0, 6, 1657.87, 107720, 20485
109, 0, 98, 116, 77, 0, 3.63%, 0, 0, 6, 1405.18, 113945, 20485
114, 0, 98, 116, 77, 0, 3.63%, 0, 0, 6, 1519.27, 120942, 20485
119, 0, 26, 117, 77, 0, 3.63%, 0, 0, 6, 423.36, 124729, 20485
124, 0, 98, 117, 77, 0, 3.63%, 0, 0, 6, 922.91, 130322, 20485
129, 0, 98, 119, 79, 0, 3.63%, 0, 0, 6, 258.38, 135963, 20485
134, 0, 118, 120, 80, 1, 3.63%, 0, 0, 6, 242.21, 138388, 20485
139, 0, 118, 120, 79, 0, 3.63%, 0, 0, 6, 501.46, 141366, 20485
145, 0, 25, 121, 79, 0, 3.63%, 0, 0, 6, 2302.52, 144237, 20486
150, 0, 98, 121, 79, 0, 3.63%, 0, 0, 6, 1129.48, 148084, 20486
155, 0, 98, 121, 79, 0, 3.63%, 0, 0, 6, 1138.44, 153975, 20486
160, 0, 118, 122, 79, 0, 3.63%, 0, 0, 6, 938.18, 158983, 20486
165, 0, 0, 122, 78, 0, 3.63%, 0, 0, 6, 678.15, 162217, 20486
