# relative_time, cycles_done, cur_item, corpus_count, pending_total, pending_favs, map_size, saved_crashes, saved_hangs, max_depth, execs_per_sec, total_execs, edges_found
24, 0, 40, 58, 56, 14, 3.63%, 0, 0, 4, 1770.42, 42466, 20435
85, 0, 60, 95, 83, 14, 3.63%, 0, 0, 4, 224.70, 64213, 20485
90, 0, 60, 95, 83, 14, 3.63%, 0, 0, 4, 242.28, 65510, 20485
95, 0, 60, 95, 83, 14, 3.63%, 0, 0, 4, 246.97, 66778, 20485
100, 0, 60, 95, 83, 14, 3.63%, 0, 0, 4, 254.90, 68090, 20485
105, 0, 60, 95, 83, 14, 3.63%, 0, 0, 4, 264.87, 69456, 20485
110, 0, 60, 95, 83, 14, 3.63%, 0, 0, 4, 217.18, 70508, 20485
115, 0, 60, 95, 83, 14, 3.63%, 0, 0, 4, 225.04, 71693, 20485
121, 0, 60, 95, 83, 14, 3.63%, 0, 0, 4, 236.18, 72926, 20485
126, 0, 60, 95, 83, 14, 3.63%, 0, 0, 4, 247.33, 74214, 20485
131, 0, 60, 95, 83, 14, 3.63%, 0, 0, 4, 231.37, 75335, 20485
136, 0, 60, 95, 83, 14, 3.63%, 0, 0, 4, 220.65, 76421, 20485
141, 0, 60, 95, 83, 14, 3.63%, 0, 0, 4, 230.70, 77586, 20485
146, 0, 60, 95, 83, 14, 3.63%, 0, 0, 4, 245.51, 78895, 20485
151, 0, 60, 95, 83, 14, 3.63%, 0, 0, 4, 225.20, 80051, 20485
156, 0, 60, 95, 83, 14, 3.63%, 0, 0, 4, 234.01, 81227, 20485
161, 0, 60, 95, 83, 14, 3.63%, 0, 0, 4, 252.80, 82519, 20485
166, 0, 60, 95, 83, 14, 3.63%, 0, 0, 4, 260.77, 83869, 20485
